1;8.7
1;9.0
1;9.1
0;9.7
0;9.9
0;10.1
1;10.6
1;10.8
1;11.0
1;11.2
1;11.3
0;11.7
0;11.9
0;12.1
0;12.4
1;13.0
0;13.3
1;13.8
1;14.1
1;14.2
1;14.4
0;14.9
0;15.4
0;15.8
1;16.4
1;16.6
1;16.8
0;17.2
1;17.5
0;17.8
1;18.1
1;18.3
0;18.5
1;19.0
1;19.2
1;19.4
0;19.6
1;19.7
1;19.9
0;20.1
1;20.1
0;20.2
1;20.7
1;21.1
0;21.5
1;21.9
0;22.1
1;22.3
0;22.4
1;22.5
0;22.6
1;22.7
0;22.8
1;22.9
1;23.0
0;23.0
0;23.5
1;23.9
0;24.2
1;24.8
1;25.6
1;25.9
1;26.3
0;26.5
1;26.7
0;26.9
0;27.2
1;27.5
0;27.9
0;28.1
0;28.5
0;28.7
0;29.0
1;29.3
1;29.6
1;30.0
1;30.4
0;30.8
1;31.0
1;31.2
1;31.5
0;31.8
1;32.0
0;32.2
1;32.3
0;32.5
1;32.5
0;32.7
1;32.9
0;33.0
1;33.0
0;33.2
1;33.2
1;33.4
0;33.4
1;33.5
0;33.7
0;34.1
0;34.6
0;35.1
0;35.7
0;36.3
0;36.9
1;37.9
1;38.5
1;39.1
1;39.6
1;40.2
1;40.7
1;41.2
1;42.3
0;42.7
1;43.3
0;43.8
1;44.3
0;44.5
1;44.5
1;44.7
0;45.2
0;45.6
1;46.4
0;47.0
1;47.5
0;48.1
1;48.2
0;48.3
1;48.5
0;48.9
1;49.4
0;49.9
0;50.8
1;51.2
0;51.7
1;52.2
0;52.8
1;53.4
0;53.9
0;54.4
0;54.5
1;54.9
0;55.4
1;55.9
0;56.5
1;56.6
0;56.7
1;56.8
0;57.0
0;57.5
0;58.1
0;58.6
1;59.6
1;59.8
1;60.1
0;60.5
1;60.6
0;60.8
1;61.0
0;61.2
1;61.6
1;61.9
0;62.3
1;62.6
0;63.0
1;63.3
0;63.7
1;63.9
0;64.2
1;64.5
0;64.8
1;65.0
0;65.2
1;65.3
0;65.5
1;65.6
0;65.8
0;66.2
0;66.6
0;67.0
0;67.4
1;67.9
0;68.1
1;68.2
0;68.5
1;68.8
0;69.1
1;69.4
0;69.6
1;69.7
0;69.9
1;70.2
0;70.6
1;70.9
0;71.2
1;71.5
0;71.7
1;71.7
0;71.9
1;71.9
0;72.2
1;72.5
0;72.8
1;73.2
0;73.5
1;73.9
0;74.1
1;74.2
0;74.3
1;74.4
0;74.8
1;75.2
0;75.5
1;75.8
0;76.2
1;76.5
0;76.6
1;76.7
0;77.0
1;77.1
0;77.4
0;78.0
0;78.4
1;78.6
0;78.7
1;78.9
0;79.1
0;79.5
1;79.9
1;80.3
1;80.7
1;81.1
0;81.4
1;81.5
0;81.7
1;81.8
0;81.9
1;81.9
0;82.1
0;82.5
0;82.9
1;83.1
0;83.4
1;83.7
1;84.0
1;84.5
0;85.0
1;85.3
0;85.6
1;85.9
0;86.1
1;86.2
0;86.3
1;86.5
0;86.8
0;87.1
0;87.4
1;87.7
1;87.9
1;88.2
0;88.6
1;88.8
0;89.2
1;89.5
0;89.8
1;90.0
0;90.3
1;90.5
0;90.8
1;91.1
0;91.3
1;91.4
0;91.6
1;91.7
0;92.0
0;92.3
1;92.5
0;92.6
1;92.8
0;92.9
0;93.2
1;93.5
0;93.6
1;93.9
0;94.2
1;94.4
0;94.6
1;94.6
0;94.8
1;95.0
0;95.3
1;95.6
0;95.7
1;95.8
0;96.0
1;96.1
0;96.2
1;96.3
0;96.4
1;96.5
0;96.7
1;96.8
0;96.9
1;97.0
0;97.1
1;97.2
0;97.3
1;97.4
0;97.5
1;97.7
0;97.7
1;97.9
0;98.0
1;98.2
0;98.6
1;98.7
0;98.8
1;99.0
0;99.0
1;99.2
0;99.3
1;99.4
0;99.5
1;99.7
0;99.8
1;99.9
0;100.0
1;100.1
0;100.2
1;100.4
0;100.4
1;100.6
0;100.7
1;100.8
0;100.9
1;101.1
0;101.2
1;101.3
0;101.4
1;101.5
0;101.6
1;102.0
1;102.5
1;103.0
1;103.5
0;103.9
0;104.3
0;105.0
0;105.4
1;106.0
0;106.5
1;107.0
0;107.5
1;108.0
0;108.6
1;109.0
0;109.5
1;109.6
0;110.0
1;110.1
0;110.3
1;110.5
0;110.7
1;110.9
0;111.1
1;111.2
1;111.4
0;111.7
1;111.8
0;112.0
1;112.1
0;112.3
1;112.4
0;112.7
0;112.9
0;113.1
1;113.3
0;113.5
1;114.0
1;114.4
0;114.7
1;114.8
0;115.0
1;115.1
0;115.3
1;115.4
0;115.6
1;115.7
0;115.8
1;116.0
0;116.3
1;116.8
0;117.2
1;118.1
0;118.6
1;119.1
0;119.7
1;120.2
0;120.7
1;121.2
0;122.3
1;122.8
0;123.3
1;123.9
0;124.4
1;124.9
0;125.4
1;126.0
1;126.6
0;126.8
1;126.9
0;127.0
1;127.0
0;127.2
1;127.3
0;127.5
1;127.6
0;127.7
1;127.8
0;127.9
1;128.0
0;128.2
1;128.3
0;128.4
1;128.6
1;128.9
1;129.2
1;129.4
0;129.6
1;129.8
0;130.0
1;130.1
0;130.4
1;130.5
0;130.7
1;130.8
0;131.1
1;131.5
0;131.6
1;131.9
0;132.2
1;132.4
0;132.5
1;132.8
0;132.9
1;133.1
0;133.3
1;133.5
0;133.6
1;133.9
0;134.0
1;134.5
1;134.7
1;134.9
1;135.0
0;135.2
1;135.3
0;135.4
1;135.5
0;135.7
1;135.8
0;135.9
1;136.0
0;136.2
1;136.3
0;136.4
1;136.5
0;136.7
1;136.8
0;136.9
1;137.0
0;137.2
1;137.3
0;137.4
1;137.6
0;137.7
1;137.8
0;138.0
1;138.1
0;138.2
1;138.4
0;138.5
1;138.6
0;138.7
1;138.9
0;139.2
0;139.7
0;140.0
0;140.5
1;141.1
1;141.6
1;142.2
1;143.2
0;143.4
1;143.5
0;143.6
1;143.7
0;143.8
1;143.9
0;144.0
1;144.1
0;144.3
1;144.4
0;144.5
1;144.6
0;144.7
1;144.9
0;145.0
1;145.1
0;145.2
1;145.4
0;145.5
1;145.6
0;145.7
1;145.9
0;146.0
1;146.2
0;146.3
1;146.4
0;146.6
1;147.7
1;148.2
0;148.6
1;149.1
0;149.6
1;150.1
0;150.6
1;151.2
0;152.2
0;152.6
0;153.1
0;153.7
0;154.2
0;154.7
1;155.9
1;156.4
1;156.9
1;157.4
1;157.9
1;158.5
1;159.1
1;160.0
0;160.2
1;160.4
0;160.6
1;160.9
0;161.2
0;161.6
0;161.8
1;162.1
0;162.4
1;162.8
